0 0 1.000000000000000E+00
1 1 8.443078861142531E-01
2 2 7.662779632698272E-02
3 3 5.521871508336286E-02
4 4 4.262478529404062E-02
5 5 1.304005126478741E-02
6 6 2.238074049780742E-02
7 7 2.175274139991680E-02
8 8 1.448237492749490E-02
9 9 1.308900845813953E-02
10 10 6.789916456878979E-03
11 11 7.370822919961903E-03
12 12 1.516988512215218E-02
13 13 2.925501299108730E-03
14 14 2.769222562033152E-03
15 15 1.291364811601611E-04


16 0 1.000000000000000E+00
17 1 8.246515664683081E-01
18 2 7.734568535694739E-02
19 3 5.546328804250601E-02
20 4 4.263299271359501E-02
21 5 1.318763978347620E-02
22 6 2.314631528658508E-02
23 7 2.034773212345044E-02
24 8 1.417481165488744E-02
25 9 1.281088228333955E-02
26 10 6.150765822941698E-03
27 11 7.508999327510592E-03
28 12 1.160342555306414E-02
29 13 3.025115836816601E-03
30 14 2.816239430912235E-03
31 15 1.956633355872105E-03
32 16 3.891053748499608E-04


33 0 1.000000000000000E+00
34 1 8.051372812856266E-01
35 2 7.807957890951689E-02
36 3 5.572330653813758E-02
37 4 4.264352538215851E-02
38 5 1.334825266473824E-02
39 6 2.400098734396110E-02
40 7 1.889151282819935E-02
41 8 1.387638388547291E-02
42 9 1.253303824875600E-02
43 10 5.337355766858628E-03
44 11 7.583503728629593E-03
45 12 6.442949119083850E-03
46 13 3.299940070168770E-03
47 14 2.974456720221167E-03
48 15 1.860465689736365E-03
49 16 1.663940850951372E-03
50 17 1.174090451457118E-02
51 18 6.179105785444932E-04


52 0 1.000000000000000E+00
53 1 7.857656253294296E-01
54 2 7.882913532267653E-02
55 3 5.599929842234668E-02
56 4 4.265624801273028E-02
57 5 1.352310177428358E-02
58 6 2.495205084417908E-02
59 7 1.746846490662279E-02
60 8 1.359320544379523E-02
61 9 1.225605830738788E-02
62 10 4.426543277689076E-03
63 11 7.386867547263594E-03
64 12 4.546284956920570E-03
65 13 3.794837078307258E-03
66 14 3.438025306645535E-03
67 15 1.089163589406548E-03
68 16 1.975157864548673E-03
69 17 1.698797657658498E-03
70 18 1.107081634110402E-03
71 19 6.000825827740708E-04


72 0 1.000000000000000E+00
73 1 7.665372156483450E-01
74 2 7.959399929443588E-02
75 3 5.629180663110565E-02
76 4 4.267099691243615E-02
77 5 1.371345798467960E-02
78 6 2.600702737937409E-02
79 7 1.616909257041919E-02
80 8 1.332936575561875E-02
81 9 1.197125067878631E-02
82 10 3.624105258997228E-03
83 11 6.595163469001042E-03
84 12 8.812749667857004E-03
85 13 4.551817872762076E-03
86 14 4.122855027301605E-03
87 15 2.927442291735223E-03
88 16 1.882118080831538E-03
89 17 6.109202111562188E-03
90 18 1.352082076345491E-03
91 19 9.536569321938476E-04


92 0 1.000000000000000E+00
93 1 7.474526960518902E-01
94 2 8.037380315535632E-02
95 3 5.660138990416094E-02
96 4 4.268757779398375E-02
97 5 1.392064680294811E-02
98 6 2.717366224145072E-02
99 7 1.508807715370781E-02
100 8 1.308701763256005E-02
101 9 1.164207463265377E-02
102 10 3.279922091946315E-03
103 11 5.266173926618737E-03
104 12 4.836690205160189E-03
105 13 4.330596003523086E-03
106 14 3.574162341741149E-03
107 15 1.289923764952586E-03
108 16 2.322018933283010E-03
109 17 1.319597465284652E-03
110 18 1.104305591453716E-03
111 19 8.837748254573987E-04


112 0 1.000000000000000E+00
113 1 7.285127420526804E-01
114 2 8.116816813809050E-02
115 3 5.692862361187753E-02
116 4 4.270576352835807E-02
117 5 1.414604316769425E-02
118 6 2.845992298458247E-02
119 7 1.431802523275734E-02
120 8 1.286663429441782E-02
121 9 1.111830256424451E-02
122 10 3.640049592714648E-03
123 11 7.141168331324563E-03
124 12 3.740493062871247E-03
125 13 3.525302419015517E-03
126 14 2.555080720032540E-03
127 15 2.115369987118396E-03
128 16 1.082432629738838E-03
129 17 3.386763879415336E-03
130 18 8.741970217172870E-04


131 0 1.000000000000000E+00
132 1 7.097180663498848E-01
133 2 8.197670563832501E-02
134 3 5.727410070602296E-02
135 4 4.272529183524325E-02
136 5 1.439106554394839E-02
137 6 2.987399654941817E-02
138 7 1.393610365728585E-02
139 8 1.266735292426784E-02
140 9 9.596116921780652E-03
141 10 4.899154144453840E-03
142 11 1.655052854912012E-02
143 12 4.059578598770049E-03
144 13 2.896116149035808E-03
145 14 2.577750040055486E-03
146 15 1.364610824527231E-03
147 16 1.314719465598382E-03
148 17 2.726546667883724E-03
149 18 1.087572253815059E-03
150 19 4.150340391473169E-04


151 0 1.000000000000000E+00
152 1 6.910694249439873E-01
153 2 8.279901846085197E-02
154 3 5.763843281325236E-02
155 4 4.274586290611904E-02
156 5 1.465716948416126E-02
157 6 3.142427912085255E-02
158 7 1.398612995837576E-02
159 8 1.248733704664243E-02
160 9 3.761224901117361E-03
161 10 6.279464767985328E-03
162 11 7.536869358502998E-03
163 12 4.435313456020793E-03
164 13 4.036406270970621E-03
165 14 2.757426656399165E-03
166 15 2.078360821641716E-03
167 16 6.780048876293252E-03
168 17 1.066598111430793E-03
169 18 8.821527802431987E-04


170 0 1.000000000000000E+00
171 1 6.725676239830106E-01
172 2 8.363470204463089E-02
173 3 5.802225148833176E-02
174 4 4.276713695354072E-02
175 5 1.494584087168407E-02
176 6 3.311935045611610E-02
177 7 1.446676476576039E-02
178 8 1.232411193196824E-02
179 9 4.759386714380833E-03
180 10 5.105213542085324E-03
181 11 3.856777057917446E-03
182 12 3.601584312154349E-03
183 13 2.576034020537990E-03
184 14 2.348265778640537E-03
185 15 7.555724413451170E-04


186 0 1.000000000000000E+00
187 1 6.542135274664782E-01
188 2 8.448334566414216E-02
189 3 5.842620965404317E-02
190 4 4.278873168804813E-02
191 5 1.525858909907718E-02
192 6 3.496792136302929E-02
193 7 1.533603421872417E-02
194 8 1.217484857127857E-02
195 9 7.690443438171234E-03
196 10 4.682793358731657E-03
197 11 2.030319511124339E-02
198 12 3.430035184207861E-03
199 13 2.205168572626148E-03
200 14 1.903957955584087E-03
201 15 6.821152443900030E-04


202 0 1.000000000000000E+00
203 1 6.360080659479229E-01
204 2 8.534453360265758E-02
205 3 5.885098325095004E-02
206 4 4.281021971561687E-02
207 5 1.559694045477286E-02
208 6 3.697873920234024E-02
209 7 1.652947191647096E-02
210 8 1.203658863819163E-02
211 9 8.649679602762863E-03
212 10 4.668768497993124E-03
213 11 1.728883720876543E-02
214 12 4.154601504158905E-03
215 13 2.395855817078377E-03
216 14 2.028018684016771E-03
217 15 8.959782378534416E-04


218 0 1.000000000000000E+00
219 1 6.179522464086622E-01
220 2 8.621784629230028E-02
221 3 5.929727312403085E-02
222 4 4.283112585388090E-02
223 5 1.596243200534497E-02
224 6 3.916043128896764E-02
225 7 1.797935610398155E-02
226 8 1.190641423700137E-02
227 9 8.961916964279082E-03
228 10 4.867318215109559E-03
229 11 1.376619566012701E-02
230 12 6.334952651814207E-03
231 13 2.324542392051038E-03
232 14 2.020405853234670E-03
233 15 1.241070243401175E-03
234 16 8.909900687732948E-04


235 0 1.000000000000000E+00
236 1 6.000471635067728E-01
237 2 8.710286142300565E-02
238 3 5.976580718458421E-02
239 4 4.285092437271653E-02
240 5 1.635660625690475E-02
241 6 4.152125950595734E-02
242 7 1.962635584537259E-02
243 8 1.178157271448026E-02
244 9 9.045164625449485E-03
245 10 5.095860041786940E-03
246 11 1.116940710830760E-02
247 12 9.197851628939676E-03
248 13 2.188594484264049E-03
249 14 1.918544307191471E-03
250 15 1.469902230277096E-03
251 16 5.167640824139841E-04


252 0 1.000000000000000E+00
253 1 5.822940124422203E-01
254 2 8.799915501367941E-02
255 3 6.025734287788077E-02
256 4 4.286903615194118E-02
257 5 1.678100685428408E-02
258 6 4.406875073223836E-02
259 7 2.142323005688647E-02
260 8 1.165956972470874E-02
261 9 9.029349962421548E-03
262 10 5.292519952478481E-03
263 11 9.280582513754255E-03
264 12 1.204050196837778E-02
265 13 2.049824392257214E-03
266 14 1.800416271552427E-03
267 15 1.517775428043366E-03
268 16 2.842637331709658E-04


269 0 1.000000000000000E+00
270 1 5.646941037308888E-01
271 2 8.890630244680701E-02
272 3 6.077267000151752E-02
273 4 4.288482576517638E-02
274 5 1.723717554316855E-02
275 6 4.680915621543871E-02
276 7 2.333390298299017E-02
277 8 1.153824450877187E-02
278 9 8.964324083986201E-03
279 10 5.442632415922175E-03
280 11 7.875486010382172E-03
281 12 1.445059840127178E-02
282 13 1.924839953542305E-03
283 14 1.689831807009120E-03
284 15 1.477999382195183E-03
285 16 1.625241962256037E-04


286 0 1.000000000000000E+00
287 1 5.472488802398141E-01
288 2 8.982387946557846E-02
289 3 6.131261392320480E-02
290 4 4.289759849449821E-02
291 5 1.772665057750079E-02
292 6 4.974667840287550E-02
293 7 2.533079720017829E-02
294 8 1.141584108173719E-02
295 9 8.872610997234531E-03
296 10 5.547711528966330E-03
297 11 6.803331064724499E-03
298 12 1.625126852083246E-02
299 13 1.817265895814281E-03
300 14 1.593043540631035E-03
301 15 1.405705270621599E-03
302 16 1.202610770258395E-04


303 0 1.000000000000000E+00
304 1 5.299599368982527E-01
305 2 9.075146313188957E-02
306 3 6.187803924946823E-02
307 4 4.290659728505031E-02
308 5 1.825096669502553E-02
309 6 5.288238538605981E-02
310 7 2.739190103527857E-02
311 8 1.129108853822199E-02
312 9 8.765857801296236E-03
313 10 5.614182367373902E-03
314 11 5.966167676706263E-03
315 12 1.743153316947062E-02
316 13 1.727299579398548E-03
317 14 1.510241939504258E-03
318 15 1.321377970158926E-03
319 16 1.153217996840207E-04


320 0 1.000000000000000E+00
321 1 5.128290436072668E-01
322 2 9.168863274590701E-02
323 3 6.246985400930680E-02
324 4 4.291099965427553E-02
325 5 1.881165672457394E-02
326 6 5.621271156842168E-02
327 7 2.949807618881844E-02
328 8 1.116330340293782E-02
329 9 8.650981802225389E-03
330 10 5.649445799320646E-03
331 11 5.299663355733197E-03
332 12 1.807748136600296E-02
333 13 1.653882314819042E-03
334 14 1.439303450700817E-03
335 15 1.231933417300574E-03
336 16 1.327798920063753E-04


337 0 1.000000000000000E+00
338 1 4.958581719627135E-01
339 2 9.263497072847061E-02
340 3 6.308901442587334E-02
341 4 4.290991457951167E-02
342 5 1.941025483944633E-02
343 6 5.972741998710362E-02
344 7 3.163065711849931E-02
345 8 1.103252697915966E-02
346 9 8.532847976000374E-03
347 10 5.660666821258281E-03
348 11 4.760848686619391E-03
349 12 1.831612044967185E-02
350 13 1.595078910507245E-03
351 14 1.377185155096044E-03
352 15 1.142027170327319E-03
353 16 1.654193938710931E-04


354 0 1.000000000000000E+00
355 1 4.790495265557067E-01
356 2 9.359006346414978E-02
357 3 6.373653035371173E-02
358 4 4.290237938794233E-02
359 5 2.004830140881593E-02
360 6 6.340688114415338E-02
361 7 3.376923602119408E-02
362 8 1.089971071035965E-02
363 9 8.415622389060542E-03
364 10 5.654582313171814E-03
365 11 4.320639482037625E-03
366 12 1.827999347684059E-02
367 13 1.548552063870195E-03
368 14 1.320573743969016E-03
369 15 1.059093957447334E-03
370 16 2.033852087593305E-04


371 0 1.000000000000000E+00
372 1 4.624055817859081E-01
373 2 9.455350210876434E-02
374 3 6.441347148094675E-02
375 4 4.288735669293908E-02
376 5 2.072734935822240E-02
377 6 6.721851442969123E-02
378 7 3.588950269291421E-02
379 8 1.076696194708036E-02
380 9 8.303578314148036E-03
381 10 5.637683345443753E-03
382 11 3.959258361562527E-03
383 12 1.809063836080935E-02
384 13 1.512210276238939E-03
385 14 1.266236826512887E-03
386 15 9.913233375614160E-04


387 0 1.000000000000000E+00
388 1 4.459291253334773E-01
389 2 9.552488336055634E-02
390 3 6.512097440280570E-02
391 4 4.286373142972672E-02
392 5 2.144897192088092E-02
393 6 7.111225851152914E-02
394 7 3.796104227077023E-02
395 8 1.063785973912727E-02
396 9 8.201667916863574E-03
397 10 5.616523793415209E-03
398 11 3.663427645151569E-03
399 12 1.785460873112918E-02
400 13 1.484679029969503E-03
401 14 1.211170262295196E-03
402 15 9.411784398184933E-04


403 0 1.000000000000000E+00
404 1 4.296233097174372E-01
405 2 9.650381019684669E-02
406 3 6.586025069316073E-02
407 4 4.283030805950798E-02
408 5 2.221477162186118E-02
409 6 7.501501586830479E-02
410 7 3.994506484713617E-02
411 8 1.051784279864379E-02
412 9 8.115990795835616E-03
413 10 5.598055515985022E-03
414 11 3.424716525139459E-03
415 12 1.766629425102870E-02
416 13 1.465401457072447E-03
417 14 1.152580409144312E-03
418 15 9.031056564278976E-04


419 0 1.000000000000000E+00
420 1 4.134917137009847E-01
421 2 9.748989257755324E-02
422 3 6.663259612015195E-02
423 4 4.278580804095729E-02
424 5 2.302639034037725E-02
425 6 7.882420101988034E-02
426 7 4.179215547820523E-02
427 8 1.041465558234503E-02
428 9 8.054203641440784E-03
429 10 5.589940223679155E-03
430 11 3.238761417342166E-03
431 12 1.761387980636508E-02
432 13 1.454304297790338E-03
433 14 1.087764485870114E-03
434 15 8.676998463171197E-04


435 0 1.000000000000000E+00
436 1 3.975384157475104E-01
437 2 9.848274811660597E-02
438 3 6.743940117240560E-02
439 4 4.272886769003616E-02
440 5 2.388552026737256E-02
441 6 8.240087604986643E-02
442 7 4.344030966093353E-02
443 8 1.033880787582674E-02
444 9 8.025857071831986E-03
445 10 5.600795653992533E-03
446 11 3.105349055781750E-03
447 12 1.778659201501750E-02
448 13 1.450870357899019E-03
449 14 1.013994346516138E-03
450 15 8.265376807534246E-04


451 0 1.000000000000000E+00
452 1 3.817680822845884E-01
453 2 9.948200272370587E-02
454 3 6.828216309192711E-02
455 4 4.265803659668452E-02
456 5 2.479391558897867E-02
457 6 8.556355308457916E-02
458 7 4.481377572828530E-02
459 8 1.030395243025361E-02
460 9 8.042590053078395E-03
461 10 5.640322351341447E-03
462 11 3.029652901085426E-03
463 12 1.828228411267244E-02
464 13 1.452176714071421E-03
465 14 9.285844669020048E-04


466 0 1.000000000000000E+00
467 1 3.661860742318517E-01
468 2 1.004872912165067E-01
469 3 6.916249963271261E-02
470 4 4.257177680945003E-02
471 5 2.575340470781464E-02
472 6 8.808462265526971E-02
473 7 4.582355875162833E-02
474 8 1.032701217902886E-02
475 9 8.118050143999824E-03
476 10 5.719241854580929E-03
477 11 3.025308185537989E-03
478 12 1.921414431395268E-02
479 13 1.449204927201635E-03
480 14 8.294478606752213E-04


481 0 1.000000000000000E+00
482 1 3.507985761558174E-01
483 2 1.014982579066998E-01
484 3 7.008216480273087E-02
485 4 4.246846307399305E-02
486 5 2.676590281553445E-02
487 6 8.969245717741330E-02
488 7 4.637079103583409E-02
489 8 1.042780520918872E-02
490 9 8.267345332699409E-03
491 10 5.848974171853605E-03
492 11 3.120405385793858E-03
493 12 2.071336817192282E-02
494 13 1.421189215854030E-03
495 14 7.165168548910027E-04


496 0 1.000000000000000E+00
497 1 3.356127535599732E-01
498 2 1.025145571597344E-01
499 3 7.104306687438211E-02
500 4 4.234638449008839E-02
501 5 2.783342460286482E-02
502 6 9.008321603612714E-02
503 7 4.635437821202330E-02
504 8 1.062786161631498E-02
505 9 8.505797146934982E-03
506 10 6.041013252495129E-03
507 11 3.367280836994464E-03
508 12 2.292026933392468E-02
509 13 1.330452202226200E-03
510 14 5.940280968242725E-04


511 0 1.000000000000000E+00
512 1 3.206369452825314E-01
513 2 1.035358539315220E-01
514 3 7.204728898842544E-02
515 4 4.220374806955103E-02
516 5 2.895809685991554E-02
517 6 8.894652919515800E-02
518 7 4.568408560216152E-02
519 8 1.094817669239418E-02
520 9 8.846804547649538E-03
521 10 6.306040184923170E-03
522 11 3.854995825232900E-03
523 12 2.594999181420067E-02
524 13 1.126444768521369E-03
525 14 4.721550336994743E-04


526 0 1.000000000000000E+00
527 1 3.058808998425690E-01
528 2 1.045618242822782E-01
529 3 7.309711270335956E-02
530 4 4.203868482086424E-02
531 5 3.014217064130249E-02
532 6 8.600749216859722E-02
533 7 4.429915276336348E-02
534 8 1.140588626715685E-02
535 9 9.298798392863003E-03
536 10 6.652941313160444E-03
537 11 4.720081478280639E-03
538 12 2.981601945559635E-02
539 13 7.745838575536438E-04


540 0 1.000000000000000E+00
541 1 2.913560669188558E-01
542 2 1.055921558702352E-01
543 3 7.419504486949749E-02
544 4 4.184925918105813E-02
545 5 3.138803256642075E-02
546 6 8.108286750826871E-02
547 7 4.219039015763537E-02
548 8 1.201030711855798E-02
549 9 9.861573228387262E-03
550 10 7.088071054545074E-03
551 11 6.151667066338541E-03
552 12 3.430549127808480E-02
553 13 3.391637150105261E-04


554 0 1.000000000000000E+00
555 1 2.770759580972222E-01
556 2 1.066265484257005E-01
557 3 7.534384820550874E-02
558 4 4.163348285804789E-02
559 5 3.269821462126982E-02
560 6 7.414253917320375E-02
561 7 3.942088746487839E-02
562 8 1.275933249064191E-02
563 9 1.052260292506499E-02
564 10 7.615447692626519E-03
565 11 8.389316049082276E-03
566 12 3.882143929313501E-02
567 13 3.525620735428358E-04


568 0 1.000000000000000E+00
569 1 2.630565946051255E-01
570 2 1.076647142078171E-01
571 3 7.654657592740099E-02
572 4 4.138933447940873E-02
573 5 3.407540156054937E-02
574 6 6.536143211945943E-02
575 7 3.613821900114576E-02
576 8 1.363753037430452E-02
577 9 1.125395741356025E-02
578 10 8.239567544731154E-03
579 11 1.167939929389549E-02
580 12 4.219215688990379E-02
581 13 5.703132721275253E-04


582 0 1.000000000000000E+00
583 1 2.493170640261833E-01
584 2 1.087063784448306E-01
585 3 7.780661067454121E-02
586 4 4.111478685422543E-02
587 5 3.552243454209537E-02
588 6 5.514888978697301E-02
589 7 3.257109524612101E-02
590 8 1.461717811830544E-02
591 9 1.200958083676053E-02
592 10 8.975325040989926E-03
593 11 1.599147861079264E-02
594 12 4.236749834211731E-02
595 13 4.776556076916861E-04


596 0 1.000000000000000E+00
597 1 2.358802127353307E-01
598 2 1.097512797594605E-01
599 3 7.912770776101812E-02
600 4 4.080784419791697E-02
601 5 3.704230895113146E-02
602 6 4.416092563057464E-02
603 7 2.900645724756398E-02
604 8 1.566285456583931E-02
605 9 1.271990842460047E-02
606 10 9.878270531632405E-03
607 11 1.982909509626186E-02
608 12 3.616161100703479E-02
609 13 1.543486567445896E-03
610 14 1.198794115124263E-03
611 15 1.045987903967524E-03
612 16 5.837812325773550E-05


613 0 1.000000000000000E+00
614 1 2.227735055042750E-01
615 2 1.107991705804927E-01
616 3 8.051404235722792E-02
617 4 4.046659234809121E-02
618 5 3.863816330953886E-02
619 6 3.335063063470620E-02
620 7 2.574739022443560E-02
621 8 1.673957073895130E-02
622 9 1.327262166280308E-02
623 10 1.114481264420874E-02
624 11 1.800895798817250E-02
625 12 2.182062149030345E-02
626 13 4.220290857022924E-03
627 14 3.211820900486306E-03
628 15 2.739842185803038E-03
629 16 1.086331747830968E-03
630 17 8.837455451476914E-03
631 18 8.496564489801703E-04


632 0 1.000000000000000E+00
633 1 2.100300871146302E-01
634 2 1.118498175418960E-01
635 3 8.197025943309325E-02
636 4 4.008926584355152E-02
637 5 4.031325452294040E-02
638 6 2.422082635404621E-02
639 7 2.305588391844937E-02
640 8 1.782442100432558E-02
641 9 1.343813991003096E-02
642 10 1.353195278359974E-02
643 11 8.318703885134686E-03
644 12 8.892018098310530E-03
645 13 6.812546286177920E-03
646 14 5.178875228512368E-03
647 15 4.956918436239100E-03
648 16 3.424987736650648E-03
649 17 3.830044354826965E-03
650 18 2.697790747020675E-03
651 19 2.113341919276291E-03
652 20 1.859875575850650E-03
653 21 1.722020740361908E-03
654 22 2.510960360013453E-03
655 23 9.546297998373386E-04


656 0 1.000000000000000E+00
657 1 1.976900801978455E-01
658 2 1.129030018704910E-01
659 3 8.350152392501395E-02
660 4 3.967433673866629E-02
661 5 4.207091215551213E-02
662 6 1.932548423316842E-02
663 7 2.109055850426487E-02
664 8 1.890283765676694E-02
665 9 1.256168792061136E-02
666 10 2.082022384064653E-02
667 11 1.321237357123603E-02
668 12 6.701097112970351E-03
669 13 6.540293036739696E-03
670 14 5.700789108338949E-03
671 15 3.023016078922627E-03
672 16 3.219042943444516E-03
673 17 1.525838978788357E-02
674 18 5.555936507708983E-04


675 0 1.000000000000000E+00
676 1 1.858021437393636E-01
677 2 1.139585197633801E-01
678 3 8.511356619464119E-02
679 4 3.922063113403222E-02
680 5 4.391446036083665E-02
681 6 2.066256271662226E-02
682 7 1.986418772654083E-02
683 8 1.486315374618739E-02
684 9 1.350195143878409E-02
685 10 4.527681273285739E-02
686 11 7.616416151917929E-03
687 12 2.252696077513513E-03
688 13 2.022056765211745E-03
689 14 6.020797224201792E-04
